//==========================================================
// CMT50 // Shrub Tundra TVC // Trail Valley Creek
//  DecidShrub  EgreenShrub        Forbs        Sedge         Moss       Lichen         PFT6         PFT7         PFT8         PFT9 // name: units // description 
      400.0000     400.0000     400.0000     400.0000     400.0000     400.0000       0.0000       0.0000       0.0000       0.0000 // kc:  
       75.0000      75.0000      75.0000      75.0000      75.0000      75.0000       0.0000       0.0000       0.0000       0.0000 // ki: 
       -8.0000      -8.0000      -8.0000      -8.0000      -8.0000      -8.0000       0.0000       0.0000       0.0000       0.0000 // tmin: 
        5.5000       5.5000       5.5000       5.5000       5.5000       5.5000       0.0000       0.0000       0.0000       0.0000 // toptmin: 
       23.0000      23.0000      23.0000      23.0000      23.0000      23.0000       0.0000       0.0000       0.0000       0.0000 // toptmax: 
       25.0000      25.0000      25.0000      25.0000      25.0000      25.0000       0.0000       0.0000       0.0000       0.0000 // tmax: 
     2.357e+00    2.357e+00    2.357e+00    2.357e+00    2.357e+00    2.357e+00       0.0000       0.0000       0.0000       0.0000 // raq10a0: 
        -0.053077   -0.053077    -0.0530770   -0.0530770   -0.0530770   -0.0530770   -0.0530770   -0.0530770   -0.0530770    0.0    // raq10a1: 
     2.384e-03    2.384e-03    2.384e-03    2.384e-03    2.384e-03    2.384e-03       0.0000       0.0000       0.0000       0.0000 // raq10a2:  
    -4.110e-05   -4.110e-05   -4.110e-05   -4.110e-05   -4.110e-05   -4.110e-05       0.0000       0.0000       0.0000       0.0000 // raq10a3: 
        0.0042       0.0042       0.0042       0.0042       0.0042       0.0042       0.0000       0.0000       0.0000       0.0000 // knuptake:  
        0.1080       0.3950       0.0410       0.6140       1.0000       1.0000       0.0000       0.0000       0.0000       0.0000 // cpartl:  
        0.5300       0.0630       0.0190       0.0000       0.0000       0.0000       0.0000       0.0000       0.0000       0.0000 // cpartw:  
        0.3620       0.5420       0.9400       0.3860       0.0000       0.0000       0.0000       0.0000       0.0000       0.0000 // cpartr:  
       18.7100     121.4300      34.3500       3.8000      64.7800      72.0000       0.0000       0.0000       0.0000       0.0000 // initcnevenl:
      232.7300       1.3100      31.0000       0.0000       0.0000       0.0000       0.0000       0.0000       0.0000       0.0000 // initcnevenw: 
       60.3500       8.3200      53.8000      69.0700       0.0000       0.0000       0.0000       0.0000       0.0000       0.0000 // initcnevenr:
       18.7100     121.4300      34.3500       3.8000      64.7800      72.0000       0.0000       0.0000       0.0000       0.0000 // cnevenbl: 
      232.7300       1.3100      31.0000       0.0000       0.0000       0.0000       0.0000       0.0000       0.0000       0.0000 // cnevenbw:  
       60.3500       8.3200      53.8000      69.0700       0.0000       0.0000       0.0000       0.0000       0.0000       0.0000 // cnevenbr:  
        1.0000       1.0000       1.0000       1.0000       1.0000       1.0000       0.0000       0.0000       0.0000       0.0000 // cnevenminl: 
        1.0000       1.0000       1.0000       1.0000       1.0000       1.0000       0.0000       0.0000       0.0000       0.0000 // cnevenminw: 
        1.0000       1.0000       1.0000       1.0000       1.0000       1.0000       0.0000       0.0000       0.0000       0.0000 // cnevenminr:  
        0.0000       0.0000       0.0000       0.0000       0.0000       0.0000       0.0000       0.0000       0.0000       0.0000 // cnevena:  // for eet/pet adjusting (0.0 for none) 
        0.2000       0.2000       0.2000       0.2000       0.2000       0.2000       0.0000       0.0000       0.0000       0.0000 // labncon: 
       52.4000      17.0000       5.8400       8.8900     105.5800      17.0750       0.0000       0.0000       0.0000       0.0000 // initvegcl: 
      256.0900       2.7000       2.7900       0.0000       0.0000       0.0000       0.0000       0.0000       0.0000       0.0000 // initvegcw: 
      175.0000      23.3000     134.5000       5.5950       0.0000       0.0000       0.0000       0.0000       0.0000       0.0000 // initvegcr: 
        2.8000       0.1400       0.1700       2.3400       1.6300       0.2370       0.0000       0.0000       0.0000       0.0000 // initvegnl:  
        1.1000       2.0600       0.0900       0.0000       0.0000       0.0000       0.0000       0.0000       0.0000       0.0000 // initvegnw:  
        2.9000       2.8000       2.5000       0.0810       0.0000       0.0000       0.0000       0.0000       0.0000       0.0000 // initvegnr:  
        0.0000       0.0000       0.0000       0.0000       0.0000       0.0000       0.0000       0.0000       0.0000       0.0000 // initdeadc:  
        0.0000       0.0000       0.0000       0.0000       0.0000       0.0000       0.0000       0.0000       0.0000       0.0000 // initdeadn:  

