//==========================================================
// CMT60 // Peat Plateau
//EverTree    EricShrub    Lichen    Moss         PFT4     PFT5  PFT6   PFT7   PFT8   PFT9 // name: units 
400.0        400.0        400.0        400.0        0.0    0.0    0.0    0.0    0.0    0.0   // kc:
75           75           75           75           0.0    0.0    0.0    0.0    0.0    0.0   // ki:
-1.0         -1.0        -1.0         -1.0          0.0    0.0    0.0    0.0    0.0    0.0   // tmin:
15.0         15.0         15.0         15.0         0.0    0.0    0.0    0.0    0.0    0.0   // toptmin:
22.4         22.4         22.4         22.4         0.0    0.0    0.0    0.0    0.0    0.0   // toptmax:
29.0         29.0         29.0         29.0         0.0    0.0    0.0    0.0    0.0    0.0   // tmax:
2.5          2.3567       2.3567       2.3567       0.0    0.0    0.0    0.0    0.0    0.0   // raq10a0:
-0.05308    -0.05308     -0.05308     -0.05308      0.0    0.0    0.0    0.0    0.0    0.0   // raq10a1:
0.0023842    0.0023842    0.0023842    0.0023842    0.0    0.0    0.0    0.0    0.0    0.0   // raq10a2:
-0.0000411  -0.0000411   -0.0000411   -0.0000411    0.0    0.0    0.0    0.0    0.0    0.0   // raq10a3:
0.0042       0.0042       0.0042       0.0042       0.0    0.0    0.0    0.0    0.0    0.0   // knuptake: 
0.0550       0.3320       1.0000       1.000        0.0    0.0    0.0    0.0    0.0    0.0   // cpartl:
0.6950       0.4590       0.000        0.000        0.0    0.0    0.0    0.0    0.0    0.0   // cpartw:
0.2500       0.2090       0.000        0.000        0.0    0.0    0.0    0.0    0.0    0.0   // cpartr:
45.6520      45.9240      62.052       69.231       0.0    0.0    0.0    0.0    0.0    0.0   // initcnevenl:
64.516       104.955      0.0000       0.000        0.0    0.0    0.0    0.0    0.0    0.0   // initcnevenw:
43.0230      43.0890      0.0000       0.000        0.0    0.0    0.0    0.0    0.0    0.0   // initcnevenr:
45.6520      45.9240      62.052       69.231       0.0    0.0    0.0    0.0    0.0    0.0   // cnevenbl:
64.516       104.955      0.0000       0.000        0.0    0.0    0.0    0.0    0.0    0.0   // cnevenbw:
43.0230      43.0890      0.0000       0.000        0.0    0.0    0.0    0.0    0.0    0.0   // cnevenbr:
23.115       10.475       1.0         56.046        0.0    0.0    0.0    0.0    0.0    0.0   // cnevenminl:
36.905       20.207       0.0          0.00         0.0    0.0    0.0    0.0    0.0    0.0   // cnevenminw:
21.834       25.531       0.0          0.00         0.0    0.0    0.0    0.0    0.0    0.0   // cnevenminr:
0.0          0.0          0.0          0.0          0.0    0.0    0.0    0.0    0.0    0.0   // cnevena:  for eet/pet adjusting (0.0 for none)
0.2          0.2          0.2          0.2          0.0    0.0    0.0    0.0    0.0    0.0   // labncon:
105.000      84.500     502.000       81.0000       0.0    0.0    0.0    0.0    0.0    0.0   // initvegcl:
1340.00     116.500       0.0000       0.0000       0.0    0.0    0.0    0.0    0.0    0.0   // initvegcw:
481.000      53.000       0.0000       0.0000       0.0    0.0    0.0    0.0    0.0    0.0   // initvegcr:
2.3000       1.8400       8.0900       1.1700       0.0    0.0    0.0    0.0    0.0    0.0   // initvegnl:
20.770       1.1100       0.0000       0.0000       0.0    0.0    0.0    0.0    0.0    0.0   // initvegnw:
11.180       1.2300       0.0000       0.0000       0.0    0.0    0.0    0.0    0.0    0.0   // initvegnr:
0.0          0.0          0.0          0.0          0.0    0.0    0.0    0.0    0.0    0.0   // initdeadc:
0.0          0.0          0.0          0.0          0.0    0.0    0.0    0.0    0.0    0.0   // initdeadn: